structure(list(fips = c("06037", "17031", "48201", "04013", "06073", 
"12086", "48113", "26163", "53033", "12011", "39035", "48029", 
"32003", "36005", "42003", "06067", "12099", "27053", "39049", 
"12057", "51059", "55079", "12103", "49035", "47157", "12095", 
"15003", "18097", "09003", "39061", "04019", "09009", "13121", 
"48453", "06019", "12031", "24005", "25027", "53053", "37119", 
"21111", "25025", "48141", "13089", "01073", "06029", "41051", 
"40109", "29095", "24510", "37183", "26081", "11001", "47037", 
"40143", "39113", "35001", "08031", "39153", "34039", "27123", 
"10003", "22071", "25013", "22051", "39095", "37081", "53063", 
"22033", "47093", "45045", "19153", "05119", "29510", "39017", 
"41039", "45019", "37067", "42095", "39099", "45083", "48245", 
"42043", "39155", "37063", "42069", "51550", "51760", "29047", 
"41029", "19163", "42085", "26005", "42001"), lat = c(34.08851, 
41.837649, 29.787777, 33.494514, 32.904616, 25.756427, 32.803579, 
42.337237, 47.548745, 26.134788, 41.460301, 29.453231, 36.139215, 
40.846761, 40.440569, 38.561106, 26.637745, 44.971331, 39.990514, 
27.966349, 38.840845, 43.034113, 27.889647, 40.655802, 35.133382, 
28.547129, 21.426126, 39.792792, 41.769967, 39.179526, 32.17841, 
41.390764, 33.779605, 30.321806, 36.638374, 30.320873, 39.372206, 
42.329642, 47.171571, 35.231792, 38.209237, 42.334948, 31.770159, 
33.790944, 33.527872, 35.296023, 45.522473, 35.509671, 39.024005, 
39.307956, 35.796512, 42.98864, 38.913611, 36.156595, 36.124761, 
39.750258, 35.101046, 39.726287, 41.095605, 40.657752, 44.990915, 
39.695612, 29.972754, 42.12756, 29.935238, 41.649267, 36.052635, 
47.666905, 30.480122, 35.973115, 34.861272, 41.627938, 34.766541, 
38.627718, 39.427856, 43.989252, 32.809639, 36.1142, 40.702861, 
41.052558, 34.962187, 29.98423, 40.324487, 41.237933, 35.998343, 
41.43348, 36.767398, 37.538346, 39.253674, 42.389833, 41.572127, 
41.294427, 42.592727, 39.854379), long = c(-118.234216, -87.767817, 
-95.363056, -112.087906, -117.062993, -80.302264, -96.788828, 
-83.19795, -122.196851, -80.206098, -81.663852, -98.508944, -115.117901, 
-73.873207, -79.959705, -121.389266, -80.176395, -93.362357, 
-82.996532, -82.412079, -77.249565, -87.960713, -82.727766, -111.915566, 
-89.926902, -81.404159, -158.035861, -86.14181, -72.715449, -84.493792, 
-111.088624, -72.94032, -84.419327, -97.769809, -119.90347, -81.638873, 
-76.612627, -71.840209, -122.383565, -80.830859, -85.704021, 
-71.073493, -106.351813, -84.25768, -86.82805, -118.683344, -122.613233, 
-97.496525, -94.463242, -76.617016, -78.665751, -85.612696, -77.013222, 
-86.765764, -95.938999, -84.21859, -106.612469, -104.965486, 
-81.520637, -74.301654, -93.106593, -75.611707, -90.059011, -72.571312, 
-90.1514, -83.608466, -79.846984, -117.38491, -91.119654, -83.955932, 
-82.353114, -93.630942, -92.294471, -90.242806, -84.513194, -123.080812, 
-79.991379, -80.244596, -75.322072, -80.706497, -82.004019, -94.061768, 
-76.804656, -80.763986, -78.900356, -75.632209, -76.287405, -77.461507, 
-94.474033, -122.785659, -90.578862, -80.313128, -85.903867, 
-77.182542), pop100 = c(9519338, 5376741, 3400578, 3072149, 2813833, 
2253362, 2218899, 2061162, 1737034, 1623018, 1393978, 1392931, 
1375765, 1332650, 1281666, 1223499, 1131184, 1116200, 1068978, 
998948, 969749, 940164, 921482, 898387, 897472, 896344, 876156, 
860454, 857183, 845303, 843746, 824008, 816006, 812280, 799407, 
778879, 754292, 750963, 700820, 695454, 693604, 689807, 679622, 
665865, 662047, 661645, 660486, 660448, 654880, 651154, 627846, 
574335, 572059, 569891, 563299, 559062, 556678, 554636, 542899, 
522541, 511035, 500265, 484674, 456228, 455466, 455054, 421048, 
417939, 412852, 382032, 379616, 374601, 361474, 348189, 332807, 
322959, 309969, 306067, 267066, 257555, 253791, 252051, 251798, 
225116, 223314, 213295, 199184, 197790, 184006, 181269, 158668, 
120293, 105665, 91292), denom = c(450076.3, 459497.1, 184725.3, 
162625.4, 125893.9, 129869.9, 134925.5, 209478.6, 111972.1, 104375.8, 
146912.8, 78894.9, 74237.7, 75300.3, 131475.6, 50655.7, 139431.2, 
76101.2, 76793.1, 69267.2, 46927.7, 100601.6, 111898.2, 65243.2, 
83229.5, 57125, 68421.1, 81805.2, 94703, 81758.4, 54203.8, 85842.7, 
50457.8, 47003.6, 49911.8, 51553.2, 88085.3, 47104.9, 46902.3, 
55156.2, 79016.7, 53301.6, 59935.3, 37449.6, 60120, 30140, 28479.6, 
64076.9, 52547.2, 69592.8, 43893.2, 57490.3, 54197.9, 49771.5, 
47681.1, 61041.3, 33056.3, 28080.8, 52711.4, 58568, 42410.3, 
51829.7, 32889.4, 46364.6, 28895.7, 38120.8, 42342, 38615, 25757.7, 
41855.5, 42968.8, 38540.5, 35302.2, 28332.6, 26359.6, 21275.4, 
33791.6, 25799.1, 33307.2, 33074.4, 30025.1, 25715.4, 27242.4, 
25338, 19201.3, 30429.6, 15727.3, 27933.6, 13355.7, 17795.4, 
17185.5, 15487.5, 9542.1, 11250.6), temp = c(62.9884963959227, 
50.7213784589778, 70.3193474788976, 72.178375654451, 61.7355914064278, 
76.16264965831, 67.402748660601, 51.0936573123412, 49.9285607122348, 
75.9980789302058, 51.3367556468172, 69.483202144648, 66.633057597207, 
54.8765344769299, 52.7734713666409, 62.0491101984942, 74.6938683550113, 
47.4469313255738, 53.9066563997283, 72.9560803102788, 54.7762165867032, 
49.4186915354837, 73.5070727811937, 50.2116289027001, 62.3560004563078, 
72.6230321697468, 75.2241588493908, 53.3942505133529, 50.6605293178239, 
54.9194045174562, 68.2146170298758, 52.4420773442858, 62.6680355920602, 
69.0635409536974, 61.3432004483026, 69.0750057038545, 58.2368421052632, 
47.8670406766341, 47.0926933607111, 60.3350444900753, 58.5626283367556, 
52.2686516084873, 65.2269849418206, 62.1627138945931, 63.2736139630383, 
63.1527297575292, 53.9217602098994, 60.7352739726027, 55.0162894375857, 
58.5663980378416, 60.3849646360924, 48.9428473648186, 58.0983915126626, 
59.5356490987923, 61.1475587497217, 53.7986538900349, 56.4666153319659, 
51.9708647045399, 50.8058407483433, 54.4722792607803, 46.4759373571101, 
55.3327629477516, 72.1385459533608, 48.8194159251646, 69.5282911248019, 
51.4941820670773, 59.1784166096281, 47.045402692204, 67.959844855127, 
58.3073237508556, 57.1159122085048, 50.9079226557181, 63.1771560574925, 
56.4098671726755, 55.0706447187929, 52.2883167378268, 66.5807951175048, 
56.9392755681818, 51.5916772595421, 50.2904574492352, 60.6073180469976, 
69.5550992470903, 53.6717430983323, 50.0143451973552, 58.2725631768953, 
47.6967202829099, 60.3868583162221, 58.5962525667351, 55.5449178644754, 
52.2268399009165, 51.5400410677618, 48.85443490701, 47.9446441409058, 
52.9389687428695),